State,year,Ag,Cl,Man,Pro,Prof,Sale,Serv
Alabama,1997.0000,0.0128,0.1570,0.0623,0.3205,0.1870,0.1171,0.1432
Alaska,1997.0000,0.0110,0.1910,0.0679,0.2230,0.2284,0.1082,0.1706
Arizona,1997.0000,0.0212,0.1866,0.0624,0.2401,0.2027,0.1224,0.1646
Arkansas,1997.0000,0.0138,0.1414,0.0530,0.3530,0.1736,0.1165,0.1486
California,1997.0000,0.0240,0.1822,0.0697,0.2333,0.2186,0.1162,0.1561
California Total,1997.0000,,,,,,,
Colorado,1997.0000,0.0114,0.1795,0.066,0.2249,0.2256,0.1298,0.1624
Colorado Total,1997.0000,,,,,,,
Connecticut,1997.0000,0.0091,0.1814,0.0801,0.2207,0.2291,0.1219,0.1575
Connecticut Total,1997.0000,,,,,,,
Delaware,1997.0000,0.0099,0.2055,0.0880,0.2180,0.1968,0.1287,0.1532
Delaware Total,1997.0000,,,,,,,
District of Columbia,1997.0000,0.0034,0.2061,0.1319,0.0784,0.3339,0.0630,0.1834
District of Columbia Total,1997.0000,,,,,,,
Florida,1997.0000,0.0166,0.1950,0.0697,0.2088,0.1993,0.1340,0.1766
Florida Total,1997.0000,,,,,,,
Georgia,1997.0000,0.0123,0.1736,0.0654,0.2814,0.1880,0.1280,0.1513
Georgia Total,1997.0000,,,,,,,
Guam,1997.0000,0.0156,0.1935,0.0840,0.2307,0.1290,0.1363,0.2109
Guam Total,1997.0000,,,,,,,
Hawaii,1997.0000,0.0177,0.1809,0.0576,0.1629,0.1972,0.1256,0.2580
Hawaii Total,1997.0000,,,,,,,
Idaho,1997.0000,0.0292,0.1585,0.0773,0.2664,0.1766,0.1220,0.1700
Idaho Total,1997.0000,,,,,,,
Illinois,1997.0000,#VALUE!,43.7132,17.8255,58.4935,47.2921,27.3340,34.0212
Illinois Total,1997.0000,,,,,,,
Indiana,1997.0000,0.0088,0.1508,0.0590,0.3330,0.1752,0.1166,0.1566
Indiana Total,1997.0000,,,,,,,
Iowa,1997.0000,0.0096,0.1676,0.0653,0.2792,0.1854,0.1249,0.1681
Iowa Total,1997.0000,,,,,,,
Kansas,1997.0000,0.0092,0.1716,0.0762,0.2577,0.2036,0.1185,0.1633
Kansas Total,1997.0000,,,,,,,
Kentucky,1997.0000,0.0106,0.1589,0.0632,0.3085,0.1832,0.1161,0.1596
Kentucky Total,1997.0000,,,,,,,
Louisiana,1997.0000,0.0103,0.1647,0.0652,0.2724,0.1996,0.1152,0.1726
Louisiana Total,1997.0000,,,,,,,
Maine,1997.0000,0.0156,0.1609,0.0706,0.2426,0.2112,0.1232,0.1760
Maine Total,1997.0000,,,,,,,
Maryland,1997.0000,0.0107,0.1807,0.0800,0.1978,0.2485,0.1208,0.1617
Maryland Total,1997.0000,,,,,,,
Massachusetts,1997.0000,0.0088,0.1774,0.0884,0.1859,0.2562,0.1164,0.1668
Massachusetts Total,1997.0000,,,,,,,
Michigan,1997.0000,0.0089,0.1661,0.0717,0.2676,0.1920,0.1318,0.1620
Michigan Total,1997.0000,,,,,,,
Minnesota,1997.0000,0.0083,0.1660,0.0670,0.2430,0.2204,0.1292,0.1659
Minnesota Total,1997.0000,,,,,,,
Mississippi,1997.0000,0.0142,0.1464,0.0552,0.3308,0.1744,0.1176,0.1614
Mississippi Total,1997.0000,,,,,,,
Missouri,1997.0000,0.0093,0.1707,0.0586,0.2662,0.1966,0.1276,0.1709
Missouri Total,1997.0000,,,,,,,
Montana,1997.0000,0.0159,0.1622,0.0485,0.2185,0.2137,0.1305,0.2108
Montana Total,1997.0000,,,,,,,
Nebraska,1997.0000,0.0108,0.1685,0.0776,0.2401,0.2014,0.1376,0.1641
Nebraska Total,1997.0000,,,,,,,
Nevada,1997.0000,0.0150,0.1711,0.0518,0.2354,0.1116,0.1249,0.2903
Nevada Total,1997.0000,,,,,,,
New Hampshire,1997.0000,0.0100,0.1645,0.0762,0.2358,0.2131,0.1371,0.1633
New Hampshire Total,1997.0000,,,,,,,
New Jersey,1997.0000,0.0079,0.2049,0.0585,0.2307,0.2166,0.1249,0.1564
New Jersey Total,1997.0000,,,,,,,
New Mexico,1997.0000,0.0213,0.1643,0.0754,0.2166,0.2211,0.1162,0.1852
New Mexico Total,1997.0000,,,,,,,
New York,1997.0000,0.0080,0.2155,0.0318,0.2007,0.2330,0.1155,0.1954
New York Total,1997.0000,,,,,,,
North Carolina,1997.0000,0.0113,0.1553,0.0669,0.3239,0.1817,0.1165,0.1444
North Carolina Total,1997.0000,,,,,,,
North Dakota,1997.0000,0.0113,0.1832,0.0615,0.2290,0.1649,0.1362,0.2138
North Dakota Total,1997.0000,,,,,,,
Ohio,1997.0000,0.0094,0.1686,0.0673,0.2893,0.1865,0.1157,0.1632
Ohio Total,1997.0000,,,,,,,
Oklahoma,1997.0000,0.0086,0.1783,0.0684,0.2583,0.2049,0.1205,0.1610
Oklahoma Total,1997.0000,,,,,,,
Oregon,1997.0000,0.0181,0.1735,0.0585,0.2706,0.1912,0.1217,0.1664
Oregon Total,1997.0000,,,,,,,
Pennsylvania,1997.0000,0.0095,0.1763,0.0676,0.2612,0.2102,0.1168,0.1584
Pennsylvania Total,1997.0000,,,,,,,
Puerto Rico,1997.0000,0.0112,0.1953,0.0456,0.2974,0.1762,0.1229,0.1513
Puerto Rico Total,1997.0000,,,,,,,
Rhode Island,1997.0000,0.0094,0.1675,0.0661,0.2407,0.2138,0.1181,0.1844
Rhode Island Total,1997.0000,,,,,,,
South Carolina,1997.0000,0.0133,0.1490,0.0632,0.3150,0.1797,0.1188,0.1610
South Carolina Total,1997.0000,,,,,,,
South Dakota,1997.0000,0.0101,0.1654,0.0383,0.2495,0.1988,0.1417,0.1962
South Dakota Total,1997.0000,,,,,,,
Tennessee,1997.0000,0.0089,0.1648,0.0644,0.3215,0.1802,0.1141,0.1461
Tennessee Total,1997.0000,,,,,,,
Texas,1997.0000,0.0107,0.1778,0.0714,0.2528,0.2187,0.1165,0.1521
Texas Total,1997.0000,,,,,,,
Utah,1997.0000,0.0126,0.1912,0.0690,0.2527,0.1859,0.1423,0.1463
Utah Total,1997.0000,,,,,,,
Vermont,1997.0000,0.0120,0.1603,0.0526,0.2351,0.2314,0.1252,0.1833
Vermont Total,1997.0000,,,,,,,
Virgin Islands,1997.0000,0.0127,0.2189,0.0765,0.2704,0.0511,0.1722,0.1983
Virgin Islands Total,1997.0000,,,,,,,
Virginia,1997.0000,0.0114,0.1727,0.0753,0.2429,0.2279,0.1204,0.1495
Virginia Total,1997.0000,,,,,,,
Washington,1997.0000,0.0186,0.1644,0.0714,0.2298,0.2403,0.1188,0.1566
West Virginia,1997.0000,0.0140,0.1571,0.0667,0.2729,0.1972,0.1214,0.1708
Wisconsin,1997.0000,0.0099,0.1585,0.0677,0.3044,0.1875,0.1107,0.1612
Wyoming,1997.0000,0.0147,0.1455,0.0676,0.2764,0.1882,0.1096,0.1980
Grand Total,1997.0000,#VALUE!,0.9797,0.3961,1.3317,1.0713,0.6265,0.7989
Alabama,1998.0000,0.0071,0.2270,0.0583,0.1893,0.1752,0.2603,0.0828
Alaska,1998.0000,0.0056,0.1866,0.0720,0.1314,0.2335,0.2722,0.0987
Arizona,1998.0000,0.0122,0.1926,0.0700,0.1391,0.2010,0.2848,0.1003
Arkansas,1998.0000,0.0077,0.2402,0.0473,0.2029,0.1688,0.2477,0.0854
California,1998.0000,0.0152,0.2057,0.0730,0.1427,0.2067,0.2671,0.0896
Colorado,1998.0000,0.0067,0.1920,0.0778,0.1324,0.2088,0.2871,0.0953
Connecticut,1998.0000,0.0053,0.2000,0.0826,0.1283,0.2249,0.2698,0.0891
Delaware,1998.0000,0.0061,0.2205,0.0923,0.1185,0.1735,0.3032,0.0858
District of Columbia,1998.0000,0.0017,0.1401,0.1714,0.0351,0.3136,0.2436,0.0945
Florida,1998.0000,0.0097,0.1966,0.0687,0.1247,0.1937,0.3006,0.1058
Georgia,1998.0000,0.0072,0.2175,0.0662,0.1646,0.1825,0.2778,0.0841
Guam,1998.0000,0.0066,0.1816,0.0811,0.1377,0.1538,0.3220,0.1172
Hawaii,1998.0000,0.0101,0.1749,0.0609,0.1008,0.2085,0.2960,0.1487
Idaho,1998.0000,0.0155,0.1992,0.0758,0.1508,0.2080,0.2544,0.0962
Illinois,1998.0000,0.0065,0.2181,0.0754,0.1517,0.1922,0.2684,0.0877
Indiana,1998.0000,0.0049,0.2345,0.0526,0.1948,0.1680,0.2545,0.0907
Iowa,1998.0000,0.0056,0.2190,0.0613,0.1693,0.1875,0.2612,0.0961
Kansas,1998.0000,0.0052,0.2090,0.0679,0.1571,0.1995,0.2666,0.0947
Kentucky,1998.0000,0.0057,0.2253,0.0565,0.1825,0.1802,0.2545,0.0952
Louisiana,1998.0000,0.0065,0.2032,0.0619,0.1657,0.1949,0.2645,0.1033
Maine,1998.0000,0.0087,0.1985,0.0611,0.1449,0.2136,0.2673,0.1060
Maryland,1998.0000,0.0059,0.1780,0.0912,0.1191,0.2316,0.2764,0.0978
Massachusetts,1998.0000,0.0051,0.1865,0.0879,0.1136,0.2423,0.2663,0.0983
Michigan,1998.0000,0.0047,0.2223,0.0607,0.1735,0.1975,0.2514,0.0899
Minnesota,1998.0000,0.0051,0.2019,0.0687,0.1460,0.2141,0.2678,0.0963
Mississippi,1998.0000,0.0078,0.2277,0.0486,0.1951,0.1753,0.2525,0.0930
Missouri,1998.0000,0.0052,0.2100,0.0585,0.1583,0.1930,0.2776,0.0974
Montana,1998.0000,0.0090,0.1843,0.0560,0.1282,0.2281,0.2727,0.1216
Nebraska,1998.0000,0.0060,0.2108,0.0759,0.1430,0.1960,0.2745,0.0938
Nevada,1998.0000,0.0085,0.1728,0.0525,0.1417,0.1688,0.2826,0.1731
New Hampshire,1998.0000,0.0059,0.2027,0.0706,0.1409,0.2027,0.2833,0.0939
New Jersey,1998.0000,0.0051,0.2118,0.0686,0.1327,0.2088,0.2806,0.0924
New Mexico,1998.0000,0.0134,0.1755,0.0712,0.1304,0.2278,0.2717,0.1101
New York,1998.0000,0.0042,0.1971,0.0683,0.1152,0.2383,0.2709,0.1059
North Carolina,1998.0000,0.0067,0.2281,0.0639,0.1863,0.1808,0.2511,0.0831
North Dakota,1998.0000,0.0062,0.1859,0.0581,0.1332,0.2185,0.2805,0.1176
Ohio,1998.0000,0.0053,0.2242,0.0642,0.1727,0.1853,0.2569,0.0914
Oklahoma,1998.0000,0.0060,0.2110,0.0657,0.1529,0.1947,0.2785,0.0912
Oregon,1998.0000,0.0104,0.2088,0.0613,0.1586,0.2086,0.2572,0.0951
Pennsylvania,1998.0000,0.0055,0.2120,0.0663,0.1527,0.2026,0.2686,0.0922
Puerto Rico,1998.0000,0.0049,0.2372,0.0496,0.1681,0.1949,0.2679,0.0775
Rhode Island,1998.0000,0.0055,0.2088,0.0566,0.1411,0.2223,0.2636,0.1020
South Carolina,1998.0000,0.0081,0.2210,0.0573,0.1844,0.1737,0.2597,0.0958
South Dakota,1998.0000,0.0062,0.2042,0.0491,0.1444,0.2008,0.2845,0.1109
Tennessee,1998.0000,0.0056,0.2361,0.0628,0.1859,0.1691,0.2544,0.0862
Texas,1998.0000,0.0061,0.2012,0.0728,0.1485,0.2099,0.2672,0.0942
Utah,1998.0000,0.0067,0.2079,0.0664,0.1500,0.1944,0.2939,0.0807
Vermont,1998.0000,0.0066,0.1931,0.0598,0.1387,0.2393,0.2622,0.1004
Virgin Islands,1998.0000,0.0072,0.2005,0.0802,0.1005,0.1255,0.3615,0.1247
Virginia,1998.0000,0.0065,0.1973,0.0816,0.1452,0.2133,0.2688,0.0874
Washington,1998.0000,0.0111,0.1969,0.0783,0.1332,0.2134,0.2702,0.0969
West Virginia,1998.0000,0.0074,0.1978,0.0577,0.1620,0.1979,0.2756,0.1016
Wisconsin,1998.0000,0.0058,0.2315,0.0632,0.1837,0.1760,0.2462,0.0937
Wyoming,1998.0000,0.0087,0.1816,0.0642,0.1670,0.2078,0.2520,0.1188
